100
1
1 2
1 11
2 3
3 4
4 5
4 14
5 6
5 15
6 7
7 8
8 9
9 10
11 12
12 13
13 14
13 23
14 15
15 16
16 17
16 26
17 27
17 18
19 20
19 29
20 30
21 22
21 31
22 23
22 32
24 25
24 34
25 35
26 27
28 29
28 38
30 40
31 41
32 33
33 34
35 36
36 46
37 38
37 47
39 40
39 49
41 42
41 51
42 43
43 44
45 46
45 55
47 57
48 49
49 50
49 59
50 60
51 61
52 53
52 62
53 63
54 64
55 65
56 57
57 67
58 59
58 68
60 70
61 71
62 72
63 64
64 65
66 67
66 76
67 77
68 69
69 79
70 80
71 81
72 73
73 74
74 75
75 76
78 79
78 88
81 82
81 91
82 83
82 92
83 84
83 93
84 94
85 86
85 95
86 87
87 88
89 90
89 99
90 100
91 92
92 93
93 94
95 96
96 97
97 98
98 99